numColours: 17
colour1: 0.24705 0.14509 0.00000
colour2: 0.34901 0.20784 0.00784
colour1: 0.53333 0.37647 0.02352
colour2: 0.45098 0.31764 0.01568
colour1: 0.80392 0.61568 0.20784
colour2: 0.92156 0.74117 0.34509
colour1: 0.98823 0.78431 0.03137
colour2: 0.94509 0.87450 0.60784
colour1: 0.79215 0.74117 0.25490
colour2: 0.71764 0.66666 0.18431
colour1: 0.52156 0.26666 0.04705
colour2: 0.61176 0.31764 0.05882
colour1: 0.79215 0.30980 0.12156
colour2: 0.71764 0.24313 0.05490
colour1: 0.88627 0.23529 0.10588
colour2: 0.92156 0.28235 0.15686
colour1: 0.46274 0.10588 0.15686
colour2: 0.62352 0.10588 0.18431
colour1: 0.56470 0.79607 0.78823
colour2: 0.08235 0.64313 0.61960
colour1: 0.04705 0.35294 0.33333
colour2: 0.06274 0.45882 0.43529
colour1: 0.14117 0.21176 0.39215
colour2: 0.07058 0.11764 0.23921
colour1: 0.03921 0.27843 0.42352
colour2: 0.03921 0.36862 0.56862
colour1: 0.32156 0.38431 0.03137
colour2: 0.38431 0.44705 0.08627
colour1: 0.50196 0.47450 0.54901
colour2: 0.43137 0.30588 0.64705
colour1: 0.29019 0.29803 0.30196
colour2: 0.34901 0.37254 0.38431
colour1: 0.12156 0.12549 0.12549
colour2: 0.00000 0.00000 0.00000